0 0.433333 0.094595 0.051852 0.059459
0 0.514815 0.129730 0.051852 0.064865
0 0.668519 0.327027 0.048148 0.048649
0 0.737037 0.302703 0.051852 0.054054
0 0.888889 0.132432 0.066667 0.070270
0 0.811111 0.513514 0.037037 0.054054
0 0.874074 0.508108 0.044444 0.054054
0 0.877778 0.651351 0.037037 0.037838
0 0.250000 0.283784 0.055556 0.081081
0 0.109259 0.410811 0.040741 0.054054
0 0.140741 0.351351 0.029630 0.043243
0 0.390741 0.162162 0.048148 0.064865
0 0.205556 0.089189 0.048148 0.059459
0 0.138889 0.151351 0.040741 0.054054
0 0.587037 0.445946 0.048148 0.059459
0 0.609259 0.672973 0.048148 0.070270
0 0.609259 0.729730 0.040741 0.054054
0 0.611111 0.800000 0.044444 0.064865
0 0.879630 0.700000 0.040741 0.059459
0 0.907407 0.705405 0.044444 0.070270
0 0.787037 0.389189 0.048148 0.064865
0 0.588889 0.354054 0.037037 0.059459
