0 0.072222 0.118919 0.085185 0.118919
0 0.194444 0.167568 0.070370 0.097297
0 0.259259 0.162162 0.081481 0.108108
0 0.225926 0.278378 0.066667 0.081081
0 0.268519 0.343243 0.062963 0.091892
0 0.131481 0.472973 0.062963 0.081081
0 0.259259 0.467568 0.074074 0.113514
0 0.342593 0.521622 0.077778 0.113514
0 0.585185 0.400000 0.081481 0.108108
0 0.516667 0.375676 0.055556 0.081081
0 0.425926 0.386486 0.059259 0.070270
0 0.746296 0.494595 0.077778 0.102703
0 0.946296 0.424324 0.085185 0.102703
0 0.692593 0.408108 0.074074 0.102703
0 0.664815 0.559459 0.070370 0.091892
0 0.511111 0.489189 0.066667 0.091892
0 0.316667 0.713514 0.077778 0.118919
0 0.103704 0.708108 0.059259 0.086486
0 0.138889 0.935135 0.062963 0.086486
0 0.461111 0.897297 0.070370 0.108108
0 0.412963 0.775676 0.077778 0.091892
0 0.716667 0.891892 0.085185 0.118919
0 0.924074 0.724324 0.070370 0.097297
0 0.716667 0.664865 0.062963 0.086486
0 0.864815 0.970270 0.062963 0.059459
0 0.964815 0.859459 0.070370 0.097297
0 0.053704 0.232432 0.062963 0.086486
