0 0.194444 0.340541 0.040741 0.043243
0 0.209259 0.424324 0.040741 0.059459
0 0.498148 0.548649 0.040741 0.048649
0 0.712963 0.202703 0.033333 0.048649
0 0.862963 0.410811 0.037037 0.043243
0 0.888889 0.372973 0.029630 0.043243
0 0.877778 0.467568 0.037037 0.048649
0 0.761111 0.445946 0.040741 0.037838
0 0.290741 0.051351 0.055556 0.059459
0 0.164815 0.164865 0.048148 0.048649
0 0.716667 0.386486 0.048148 0.048649
0 0.114815 0.305405 0.051852 0.048649
0 0.451852 0.259459 0.051852 0.054054
0 0.631481 0.543243 0.040741 0.048649
