0 0.492593 0.429730 0.059259 0.091892
0 0.438889 0.440541 0.048148 0.081081
0 0.403704 0.551351 0.066667 0.086486
0 0.237037 0.391892 0.051852 0.059459
0 0.350000 0.186486 0.077778 0.113514
0 0.064815 0.372973 0.055556 0.075676
0 0.022222 0.591892 0.037037 0.091892
0 0.090741 0.535135 0.077778 0.097297
0 0.148148 0.702703 0.059259 0.075676
0 0.185185 0.716216 0.051852 0.081081
0 0.227778 0.716216 0.048148 0.070270
0 0.287037 0.772973 0.062963 0.086486
0 0.546296 0.905405 0.048148 0.091892
0 0.635185 0.578378 0.062963 0.075676
0 0.538889 0.627027 0.048148 0.064865
0 0.618519 0.483784 0.051852 0.070270
0 0.857407 0.445946 0.040741 0.059459
0 0.764815 0.421622 0.048148 0.064865
0 0.901852 0.421622 0.048148 0.075676
0 0.842593 0.675676 0.062963 0.075676
