0 0.648148 0.518919 0.059259 0.064865
0 0.677778 0.302703 0.051852 0.064865
0 0.675926 0.354054 0.062963 0.070270
0 0.783333 0.391892 0.062963 0.081081
0 0.857407 0.481081 0.055556 0.064865
0 0.879630 0.608108 0.062963 0.070270
0 0.831481 0.583784 0.062963 0.086486
0 0.538889 0.756757 0.040741 0.064865
0 0.551852 0.808108 0.051852 0.048649
0 0.592593 0.800000 0.051852 0.064865
0 0.509259 0.802703 0.040741 0.048649
0 0.129630 0.381081 0.074074 0.091892
0 0.146296 0.248649 0.062963 0.086486
0 0.183333 0.267568 0.048148 0.081081
0 0.151852 0.451351 0.051852 0.059459
0 0.188889 0.408108 0.051852 0.059459
0 0.188889 0.743243 0.051852 0.059459
0 0.870370 0.808108 0.059259 0.081081
0 0.924074 0.851351 0.062963 0.070270
0 0.894444 0.921622 0.062963 0.081081
