0 0.338889 0.218919 0.122222 0.200000
0 0.440741 0.348649 0.096296 0.135135
0 0.403704 0.435135 0.066667 0.081081
0 0.285185 0.586486 0.103704 0.145946
0 0.124074 0.486486 0.055556 0.075676
0 0.033333 0.640541 0.059259 0.178378
0 0.383333 0.854054 0.048148 0.075676
0 0.425926 0.848649 0.059259 0.086486
0 0.353704 0.724324 0.048148 0.086486
0 0.798148 0.245946 0.107407 0.156757
0 0.874074 0.375676 0.088889 0.124324
0 0.768519 0.513514 0.100000 0.118919
0 0.933333 0.529730 0.103704 0.140541
0 0.840741 0.500000 0.051852 0.070270
0 0.959259 0.705405 0.081481 0.124324
0 0.979630 0.397297 0.040741 0.102703
