0 0.168519 0.286486 0.100000 0.118919
0 0.170370 0.413514 0.096296 0.113514
0 0.342593 0.524324 0.085185 0.108108
0 0.446296 0.483784 0.085185 0.113514
0 0.579630 0.424324 0.092593 0.124324
0 0.890741 0.205405 0.092593 0.108108
0 0.735185 0.062162 0.070370 0.091892
0 0.927778 0.032432 0.092593 0.054054
0 0.251852 0.591892 0.088889 0.102703
0 0.603704 0.594595 0.088889 0.118919
0 0.505556 0.589189 0.077778 0.097297
0 0.420370 0.662162 0.085185 0.091892
0 0.424074 0.727027 0.085185 0.091892
0 0.574074 0.951351 0.044444 0.064865
0 0.233333 0.816216 0.051852 0.064865
