0 0.048148 0.175676 0.037037 0.048649
0 0.127778 0.186486 0.040741 0.059459
0 0.259259 0.197297 0.044444 0.059459
0 0.064815 0.378378 0.048148 0.054054
0 0.059259 0.418919 0.037037 0.048649
0 0.094444 0.467568 0.033333 0.048649
0 0.137037 0.629730 0.044444 0.048649
0 0.894444 0.354054 0.040741 0.059459
0 0.901852 0.029730 0.040741 0.048649
0 0.824074 0.108108 0.048148 0.075676
0 0.927778 0.102703 0.040741 0.054054
0 0.938889 0.200000 0.048148 0.064865
0 0.900000 0.443243 0.037037 0.043243
0 0.818519 0.535135 0.029630 0.043243
0 0.883333 0.783784 0.040741 0.054054
0 0.251852 0.651351 0.044444 0.048649
0 0.788889 0.375676 0.059259 0.048649
0 0.670370 0.281081 0.029630 0.043243
0 0.283333 0.416216 0.040741 0.054054
0 0.187037 0.478378 0.025926 0.048649
0 0.261111 0.348649 0.048148 0.048649
0 0.177778 0.854054 0.037037 0.043243
