0 0.037037 0.075676 0.066667 0.140541
0 0.211111 0.043243 0.096296 0.075676
0 0.488889 0.024324 0.059259 0.037838
0 0.720370 0.181081 0.092593 0.124324
0 0.850000 0.091892 0.085185 0.108108
0 0.901852 0.186486 0.114815 0.156757
0 0.907407 0.405405 0.088889 0.129730
0 0.711111 0.586486 0.096296 0.135135
0 0.590741 0.691892 0.070370 0.108108
0 0.350000 0.532432 0.070370 0.102703
0 0.296296 0.594595 0.081481 0.097297
0 0.283333 0.789189 0.055556 0.086486
0 0.072222 0.918919 0.077778 0.097297
0 0.029630 0.751351 0.051852 0.086486
0 0.700000 0.918919 0.059259 0.075676
0 0.788889 0.770270 0.081481 0.102703
0 0.711111 0.786486 0.066667 0.102703
0 0.527778 0.435135 0.077778 0.081081
0 0.500000 0.567568 0.059259 0.086486
0 0.462963 0.645946 0.059259 0.091892
0 0.387037 0.635135 0.055556 0.081081
0 0.316667 0.302703 0.070370 0.075676
0 0.155556 0.402703 0.066667 0.102703
0 0.161111 0.570270 0.085185 0.124324
0 0.377778 0.335135 0.074074 0.097297
0 0.405556 0.429730 0.070370 0.102703
