0 0.638889 0.313514 0.070370 0.086486
0 0.596296 0.362162 0.066667 0.075676
0 0.411111 0.724324 0.051852 0.086486
0 0.350000 0.740541 0.070370 0.086486
0 0.394444 0.664865 0.062963 0.064865
0 0.292593 0.735135 0.051852 0.075676
0 0.483333 0.705405 0.055556 0.059459
0 0.692593 0.632432 0.044444 0.054054
0 0.622222 0.610811 0.059259 0.054054
0 0.285185 0.083784 0.044444 0.059459
0 0.418519 0.270270 0.088889 0.043243
0 0.803704 0.118919 0.088889 0.118919
0 0.907407 0.170270 0.088889 0.091892
0 0.662963 0.040541 0.074074 0.070270
0 0.590741 0.083784 0.062963 0.070270
