0 0.225926 0.162162 0.044444 0.054054
0 0.238889 0.316216 0.040741 0.048649
0 0.214815 0.356757 0.044444 0.054054
0 0.124074 0.437838 0.055556 0.064865
0 0.038889 0.324324 0.040741 0.064865
0 0.051852 0.532432 0.051852 0.059459
0 0.446296 0.483784 0.040741 0.048649
0 0.450000 0.416216 0.048148 0.064865
0 0.481481 0.367568 0.044444 0.054054
0 0.518519 0.316216 0.044444 0.059459
0 0.559259 0.229730 0.044444 0.059459
0 0.568519 0.129730 0.040741 0.064865
0 0.614815 0.329730 0.051852 0.064865
0 0.546296 0.508108 0.055556 0.064865
0 0.511111 0.559459 0.051852 0.070270
0 0.566667 0.591892 0.044444 0.059459
0 0.701852 0.537838 0.048148 0.070270
0 0.411111 0.675676 0.044444 0.064865
0 0.481481 0.659459 0.051852 0.075676
0 0.296296 0.710811 0.044444 0.059459
0 0.305556 0.791892 0.048148 0.070270
0 0.314815 0.837838 0.044444 0.054054
0 0.111111 0.602703 0.044444 0.059459
0 0.290741 0.897297 0.048148 0.064865
0 0.437037 0.816216 0.044444 0.054054
0 0.444444 0.748649 0.051852 0.059459
0 0.472222 0.737838 0.048148 0.081081
0 0.337037 0.708108 0.044444 0.064865
0 0.342593 0.302703 0.048148 0.064865
0 0.377778 0.318919 0.044444 0.064865
0 0.327778 0.381081 0.048148 0.059459
0 0.318519 0.421622 0.044444 0.054054
0 0.166667 0.045946 0.037037 0.048649
0 0.203704 0.072973 0.044444 0.059459
0 0.077778 0.132432 0.044444 0.048649
0 0.772222 0.727027 0.040741 0.048649
0 0.727778 0.448649 0.048148 0.064865
