0 0.244444 0.397297 0.059259 0.081081
0 0.538889 0.318919 0.070370 0.086486
0 0.309259 0.129730 0.040741 0.054054
0 0.325926 0.178378 0.059259 0.075676
0 0.474074 0.108108 0.051852 0.054054
0 0.807407 0.410811 0.059259 0.075676
0 0.666667 0.510811 0.044444 0.048649
0 0.750000 0.559459 0.033333 0.059459
0 0.864815 0.575676 0.040741 0.048649
0 0.794444 0.572973 0.055556 0.064865
0 0.390741 0.643243 0.040741 0.054054
0 0.472222 0.683784 0.055556 0.070270
0 0.455556 0.756757 0.051852 0.064865
0 0.642593 0.229730 0.048148 0.059459
0 0.325926 0.500000 0.037037 0.048649
0 0.348148 0.486486 0.051852 0.064865
