0 0.524074 0.151351 0.062963 0.064865
0 0.511111 0.213514 0.051852 0.059459
0 0.437037 0.121622 0.059259 0.091892
0 0.364815 0.121622 0.055556 0.081081
0 0.201852 0.097297 0.040741 0.075676
0 0.127778 0.162162 0.062963 0.075676
0 0.237037 0.351351 0.066667 0.097297
0 0.098148 0.529730 0.048148 0.086486
0 0.170370 0.478378 0.051852 0.048649
0 0.603704 0.570270 0.044444 0.081081
0 0.607407 0.478378 0.066667 0.113514
0 0.583333 0.640541 0.062963 0.091892
0 0.600000 0.789189 0.044444 0.054054
0 0.629630 0.854054 0.059259 0.086486
0 0.625926 0.940541 0.044444 0.064865
0 0.696296 0.394595 0.051852 0.086486
0 0.772222 0.381081 0.062963 0.059459
0 0.724074 0.510811 0.040741 0.059459
0 0.842593 0.643243 0.048148 0.064865
0 0.907407 0.651351 0.059259 0.081081
0 0.911111 0.718919 0.051852 0.054054
0 0.916667 0.827027 0.048148 0.064865
0 0.938889 0.881081 0.062963 0.075676
0 0.618519 0.178378 0.044444 0.075676
0 0.711111 0.043243 0.044444 0.075676
0 0.387037 0.197297 0.040741 0.059459
