0 0.444444 0.427027 0.051852 0.054054
0 0.509259 0.400000 0.055556 0.075676
0 0.611111 0.213514 0.066667 0.070270
0 0.653704 0.310811 0.070370 0.070270
0 0.705556 0.243243 0.055556 0.054054
0 0.687037 0.156757 0.055556 0.064865
0 0.472222 0.040541 0.070370 0.070270
0 0.944444 0.475676 0.074074 0.097297
0 0.970370 0.362162 0.059259 0.118919
0 0.746296 0.348649 0.055556 0.070270
0 0.653704 0.408108 0.055556 0.059459
0 0.598148 0.410811 0.055556 0.064865
0 0.668519 0.640541 0.077778 0.070270
0 0.851852 0.637838 0.088889 0.064865
