0 0.227778 0.227027 0.055556 0.086486
0 0.279630 0.210811 0.062963 0.075676
0 0.311111 0.240541 0.059259 0.070270
0 0.348148 0.237838 0.059259 0.086486
0 0.340741 0.132432 0.044444 0.059459
0 0.505556 0.151351 0.085185 0.108108
0 0.466667 0.275676 0.081481 0.097297
0 0.487037 0.372973 0.077778 0.108108
0 0.474074 0.510811 0.081481 0.102703
0 0.337037 0.454054 0.059259 0.075676
0 0.150000 0.564865 0.062963 0.081081
0 0.059259 0.586486 0.059259 0.091892
0 0.246296 0.686486 0.062963 0.086486
0 0.201852 0.354054 0.055556 0.070270
0 0.129630 0.394595 0.051852 0.086486
0 0.077778 0.375676 0.051852 0.081081
0 0.159259 0.254054 0.059259 0.075676
0 0.174074 0.186486 0.059259 0.070270
0 0.905556 0.210811 0.062963 0.075676
0 0.859259 0.283784 0.081481 0.091892
0 0.814815 0.435135 0.051852 0.070270
0 0.859259 0.470270 0.044444 0.075676
0 0.814815 0.572973 0.051852 0.075676
0 0.929630 0.575676 0.051852 0.081081
0 0.850000 0.686486 0.062963 0.086486
0 0.861111 0.786486 0.048148 0.081081
0 0.972222 0.681081 0.055556 0.097297
0 0.966667 0.554054 0.051852 0.070270
0 0.940741 0.483784 0.066667 0.070270
0 0.618519 0.267568 0.059259 0.081081
0 0.614815 0.110811 0.074074 0.081081
0 0.696296 0.089189 0.059259 0.070270
0 0.616667 0.529730 0.062963 0.086486
0 0.659259 0.570270 0.059259 0.081081
0 0.587037 0.605405 0.055556 0.075676
0 0.579630 0.694595 0.055556 0.091892
0 0.524074 0.751351 0.062963 0.064865
0 0.650000 0.740541 0.048148 0.064865
