0 0.464815 0.267568 0.070370 0.091892
0 0.585185 0.097297 0.059259 0.086486
0 0.537037 0.127027 0.051852 0.070270
0 0.274074 0.097297 0.059259 0.075676
0 0.125926 0.500000 0.059259 0.081081
0 0.072222 0.521622 0.062963 0.091892
0 0.114815 0.745946 0.066667 0.097297
0 0.096296 0.616216 0.059259 0.086486
0 0.048148 0.645946 0.051852 0.081081
0 0.125926 0.905405 0.066667 0.081081
0 0.246296 0.497297 0.062963 0.075676
0 0.205556 0.472973 0.048148 0.070270
0 0.194444 0.597297 0.055556 0.070270
0 0.340741 0.305405 0.059259 0.070270
0 0.640741 0.345946 0.051852 0.064865
