0 0.240741 0.318919 0.200000 0.270270
0 0.459259 0.383784 0.251852 0.291892
0 0.679630 0.410811 0.196296 0.227027
0 0.859259 0.297297 0.237037 0.281081
0 0.527778 0.097297 0.174074 0.183784
0 0.335185 0.110811 0.203704 0.210811
0 0.109259 0.127027 0.211111 0.243243
0 0.062963 0.429730 0.118519 0.297297
0 0.088889 0.735135 0.170370 0.270270
0 0.324074 0.659459 0.218519 0.291892
0 0.370370 0.891892 0.222222 0.216216
0 0.598148 0.859459 0.233333 0.281081
0 0.768519 0.729730 0.203704 0.259459
0 0.581481 0.632432 0.214815 0.270270
0 0.846296 0.540541 0.174074 0.205405
0 0.835185 0.902703 0.188889 0.194595
0 0.201852 0.837838 0.174074 0.248649
