0 0.622222 0.194595 0.162963 0.216216
0 0.877778 0.078378 0.177778 0.145946
0 0.890741 0.267568 0.159259 0.178378
0 0.601852 0.513514 0.188889 0.216216
0 0.509259 0.602703 0.144444 0.189189
0 0.511111 0.697297 0.162963 0.129730
0 0.661111 0.683784 0.159259 0.178378
0 0.538889 0.824324 0.159259 0.189189
0 0.238889 0.767568 0.100000 0.118919
0 0.200000 0.678378 0.118519 0.145946
0 0.027778 0.724324 0.048148 0.151351
0 0.070370 0.945946 0.111111 0.108108
0 0.175926 0.862162 0.114815 0.145946
0 0.785185 0.767568 0.111111 0.162162
0 0.864815 0.732432 0.100000 0.145946
