0 0.409259 0.197297 0.174074 0.221622
0 0.572222 0.272973 0.174074 0.200000
0 0.655556 0.051351 0.125926 0.091892
0 0.835185 0.205405 0.151852 0.140541
0 0.781481 0.527027 0.155556 0.210811
0 0.518519 0.513514 0.162963 0.194595
0 0.616667 0.537838 0.122222 0.167568
0 0.318519 0.594595 0.177778 0.216216
0 0.177778 0.381081 0.177778 0.210811
0 0.361111 0.816216 0.181481 0.227027
0 0.788889 0.894595 0.148148 0.178378
0 0.957407 0.883784 0.085185 0.232432
0 0.944444 0.672973 0.111111 0.145946
0 0.720370 0.735135 0.151852 0.151351
