0 0.385185 0.270270 0.044444 0.064865
0 0.720370 0.316216 0.077778 0.081081
0 0.666667 0.313514 0.066667 0.086486
0 0.451852 0.513514 0.074074 0.086486
0 0.640741 0.643243 0.081481 0.097297
0 0.435185 0.664865 0.070370 0.086486
0 0.448148 0.791892 0.066667 0.081081
0 0.524074 0.783784 0.077778 0.097297
0 0.579630 0.805405 0.062963 0.086486
0 0.305556 0.962162 0.122222 0.075676
0 0.155556 0.948649 0.096296 0.102703
0 0.085185 0.700000 0.051852 0.070270
0 0.146296 0.391892 0.070370 0.081081
0 0.966667 0.518919 0.066667 0.097297
0 0.903704 0.540541 0.081481 0.108108
0 0.742593 0.500000 0.070370 0.091892
