0 0.190741 0.181081 0.092593 0.091892
0 0.229630 0.229730 0.059259 0.070270
0 0.281481 0.208108 0.066667 0.091892
0 0.309259 0.245946 0.062963 0.070270
0 0.355556 0.240541 0.051852 0.070270
0 0.346296 0.135135 0.048148 0.064865
0 0.083333 0.091892 0.055556 0.064865
0 0.072222 0.372973 0.055556 0.086486
0 0.125926 0.386486 0.059259 0.081081
0 0.342593 0.454054 0.062963 0.075676
0 0.155556 0.575676 0.066667 0.081081
0 0.053704 0.583784 0.070370 0.075676
0 0.250000 0.683784 0.055556 0.081081
0 0.527778 0.762162 0.055556 0.064865
0 0.664815 0.743243 0.055556 0.070270
0 0.594444 0.700000 0.055556 0.070270
0 0.485185 0.508108 0.066667 0.086486
0 0.503704 0.391892 0.096296 0.124324
0 0.464815 0.278378 0.077778 0.081081
0 0.518519 0.148649 0.066667 0.091892
0 0.627778 0.116216 0.062963 0.091892
0 0.720370 0.094595 0.062963 0.070270
0 0.835185 0.100000 0.062963 0.070270
0 0.937037 0.124324 0.081481 0.097297
0 0.920370 0.210811 0.070370 0.097297
0 0.887037 0.286486 0.092593 0.097297
0 0.924074 0.372973 0.062963 0.086486
0 0.837037 0.432432 0.066667 0.086486
0 0.881481 0.467568 0.059259 0.081081
0 0.912963 0.508108 0.055556 0.075676
0 0.820370 0.556757 0.070370 0.086486
0 0.842593 0.586486 0.055556 0.070270
0 0.857407 0.683784 0.085185 0.091892
0 0.885185 0.778378 0.044444 0.086486
0 0.924074 0.670270 0.048148 0.064865
0 0.964815 0.572973 0.070370 0.086486
0 0.970370 0.624324 0.059259 0.059459
0 0.279630 0.343243 0.062963 0.081081
0 0.200000 0.351351 0.074074 0.075676
0 0.216667 0.432432 0.062963 0.064865
0 0.585185 0.591892 0.088889 0.081081
0 0.627778 0.516216 0.062963 0.081081
0 0.674074 0.575676 0.059259 0.070270
0 0.625926 0.270270 0.066667 0.075676
0 0.614815 0.183784 0.074074 0.086486
0 0.057407 0.170270 0.077778 0.081081
0 0.037037 0.278378 0.066667 0.102703
