0 0.394444 0.264865 0.055556 0.075676
0 0.662963 0.321622 0.059259 0.091892
0 0.712963 0.305405 0.077778 0.091892
0 0.950000 0.510811 0.077778 0.091892
0 0.738889 0.500000 0.062963 0.091892
0 0.631481 0.635135 0.085185 0.113514
0 0.451852 0.516216 0.059259 0.091892
0 0.437037 0.667568 0.074074 0.102703
0 0.524074 0.783784 0.070370 0.097297
0 0.311111 0.962162 0.133333 0.075676
0 0.164815 0.948649 0.092593 0.102703
0 0.090741 0.675676 0.085185 0.118919
0 0.157407 0.408108 0.062963 0.091892
0 0.896296 0.537838 0.088889 0.124324
0 0.583333 0.800000 0.048148 0.075676
