0 0.768519 0.743243 0.055556 0.059459
0 0.627778 0.970270 0.055556 0.059459
0 0.775926 0.932432 0.070370 0.091892
0 0.668519 0.343243 0.040741 0.059459
0 0.603704 0.656757 0.044444 0.081081
0 0.559259 0.748649 0.029630 0.048649
0 0.555556 0.824324 0.022222 0.037838
0 0.479630 0.702703 0.025926 0.043243
0 0.442593 0.616216 0.033333 0.054054
0 0.688889 0.535135 0.037037 0.054054
0 0.900000 0.456757 0.044444 0.059459
0 0.966667 0.478378 0.037037 0.048649
0 0.803704 0.259459 0.037037 0.032432
0 0.414815 0.902703 0.029630 0.043243
