0 0.294444 0.367568 0.151852 0.172973
0 0.416667 0.127027 0.159259 0.145946
0 0.607407 0.037838 0.111111 0.064865
0 0.601852 0.251351 0.129630 0.145946
0 0.737037 0.194595 0.096296 0.108108
0 0.890741 0.189189 0.077778 0.118919
0 0.955556 0.151351 0.088889 0.097297
0 0.911111 0.351351 0.096296 0.108108
0 0.772222 0.345946 0.085185 0.097297
0 0.844444 0.464865 0.103704 0.097297
0 0.872222 0.583784 0.092593 0.108108
0 0.585185 0.413514 0.096296 0.113514
0 0.453704 0.397297 0.100000 0.102703
0 0.129630 0.551351 0.096296 0.118919
0 0.031481 0.562162 0.055556 0.118919
0 0.038889 0.616216 0.070370 0.075676
0 0.035185 0.737838 0.062963 0.113514
0 0.129630 0.756757 0.074074 0.086486
0 0.774074 0.545946 0.044444 0.054054
0 0.750000 0.481081 0.070370 0.075676
0 0.483333 0.532432 0.062963 0.070270
0 0.046296 0.289189 0.085185 0.091892
