0 0.542593 0.778378 0.062963 0.054054
0 0.709259 0.751351 0.055556 0.064865
0 0.792593 0.670270 0.051852 0.064865
0 0.840741 0.618919 0.051852 0.070270
0 0.938889 0.500000 0.048148 0.059459
0 0.633333 0.489189 0.051852 0.059459
0 0.633333 0.594595 0.051852 0.054054
0 0.783333 0.375676 0.048148 0.059459
0 0.520370 0.181081 0.055556 0.059459
0 0.568519 0.145946 0.048148 0.043243
0 0.316667 0.143243 0.040741 0.037838
0 0.294444 0.089189 0.033333 0.048649
0 0.201852 0.378378 0.055556 0.054054
0 0.296296 0.345946 0.044444 0.043243
0 0.300000 0.270270 0.044444 0.054054
0 0.348148 0.251351 0.037037 0.037838
0 0.337037 0.329730 0.044444 0.054054
0 0.309259 0.470270 0.033333 0.043243
0 0.209259 0.543243 0.040741 0.037838
0 0.200000 0.589189 0.037037 0.043243
0 0.698148 0.332432 0.048148 0.048649
0 0.537037 0.267568 0.037037 0.037838
0 0.601852 0.410811 0.048148 0.054054
0 0.405556 0.429730 0.040741 0.048649
0 0.420370 0.170270 0.040741 0.037838
0 0.940741 0.070270 0.044444 0.054054
0 0.755556 0.121622 0.044444 0.048649
