0 0.683333 0.562162 0.033333 0.064865
0 0.720370 0.505405 0.048148 0.037838
0 0.748148 0.575676 0.044444 0.059459
0 0.718519 0.605405 0.044444 0.043243
0 0.674074 0.627027 0.029630 0.043243
0 0.696296 0.364865 0.037037 0.059459
0 0.692593 0.418919 0.051852 0.059459
0 0.655556 0.443243 0.051852 0.054054
0 0.605556 0.448649 0.033333 0.064865
0 0.540741 0.400000 0.029630 0.043243
0 0.442593 0.337838 0.040741 0.059459
0 0.398148 0.386486 0.025926 0.037838
0 0.394444 0.700000 0.033333 0.037838
0 0.435185 0.745946 0.033333 0.064865
0 0.492593 0.859459 0.037037 0.054054
0 0.533333 0.951351 0.037037 0.064865
0 0.570370 0.567568 0.037037 0.064865
0 0.522222 0.575676 0.037037 0.048649
0 0.596296 0.662162 0.044444 0.059459
0 0.714815 0.908108 0.044444 0.075676
0 0.809259 0.856757 0.033333 0.037838
0 0.687037 0.113514 0.040741 0.043243
