0 0.070370 0.370270 0.044444 0.059459
0 0.127778 0.381081 0.040741 0.059459
0 0.105556 0.454054 0.040741 0.054054
0 0.168519 0.413514 0.033333 0.048649
0 0.209259 0.475676 0.025926 0.032432
0 0.300000 0.459459 0.022222 0.032432
0 0.316667 0.408108 0.025926 0.037838
0 0.287037 0.197297 0.040741 0.048649
0 0.150000 0.186486 0.033333 0.037838
0 0.055556 0.178378 0.037037 0.043243
0 0.151852 0.621622 0.029630 0.054054
0 0.188889 0.583784 0.029630 0.054054
0 0.268519 0.648649 0.033333 0.032432
0 0.250000 0.840541 0.033333 0.048649
0 0.924074 0.524324 0.040741 0.043243
0 0.924074 0.070270 0.040741 0.032432
0 0.927778 0.116216 0.040741 0.037838
0 0.914815 0.164865 0.037037 0.048649
0 0.912963 0.332432 0.040741 0.037838
0 0.981481 0.362162 0.037037 0.043243
0 0.987037 0.770270 0.025926 0.059459
0 0.881481 0.770270 0.029630 0.048649
0 0.850000 0.597297 0.025926 0.048649
