0 0.327778 0.437838 0.122222 0.129730
0 0.855556 0.445946 0.096296 0.124324
0 0.925926 0.456757 0.081481 0.135135
0 0.666667 0.554054 0.066667 0.059459
0 0.474074 0.494595 0.074074 0.091892
0 0.431481 0.602703 0.070370 0.091892
0 0.487037 0.656757 0.092593 0.102703
0 0.561111 0.848649 0.085185 0.086486
0 0.603704 0.900000 0.074074 0.081081
0 0.664815 0.818919 0.055556 0.070270
0 0.620370 0.616216 0.062963 0.086486
0 0.622222 0.708108 0.103704 0.118919
0 0.212963 0.321622 0.100000 0.113514
0 0.157407 0.421622 0.062963 0.075676
0 0.200000 0.459459 0.066667 0.075676
0 0.246296 0.556757 0.092593 0.097297
0 0.124074 0.654054 0.062963 0.064865
0 0.131481 0.732432 0.070370 0.081081
0 0.131481 0.113514 0.092593 0.118919
