0 0.070370 0.386486 0.059259 0.059459
0 0.205556 0.475676 0.040741 0.043243
0 0.261111 0.156757 0.025926 0.043243
0 0.298148 0.200000 0.040741 0.054054
0 0.144444 0.186486 0.037037 0.048649
0 0.059259 0.183784 0.044444 0.054054
0 0.287037 0.354054 0.025926 0.037838
0 0.324074 0.402703 0.033333 0.037838
0 0.924074 0.132432 0.033333 0.059459
0 0.985185 0.362162 0.029630 0.043243
0 0.870370 0.381081 0.037037 0.037838
0 0.987037 0.778378 0.025926 0.054054
0 0.877778 0.770270 0.029630 0.059459
0 0.861111 0.659459 0.025926 0.032432
0 0.850000 0.602703 0.025926 0.048649
0 0.920370 0.524324 0.040741 0.043243
0 0.270370 0.648649 0.037037 0.043243
0 0.303704 0.640541 0.037037 0.048649
0 0.153704 0.629730 0.048148 0.059459
0 0.188889 0.586486 0.037037 0.037838
0 0.200000 0.848649 0.037037 0.054054
0 0.248148 0.843243 0.037037 0.054054
0 0.785185 0.824324 0.037037 0.048649
0 0.333333 0.570270 0.037037 0.037838
0 0.822222 0.410811 0.029630 0.032432
0 0.888889 0.905405 0.037037 0.048649
0 0.114815 0.462162 0.044444 0.059459
0 0.131481 0.378378 0.040741 0.054054
