0 0.318519 0.443243 0.125926 0.129730
0 0.838889 0.451351 0.114815 0.145946
0 0.911111 0.462162 0.081481 0.124324
0 0.464815 0.500000 0.085185 0.102703
0 0.651852 0.564865 0.074074 0.081081
0 0.611111 0.624324 0.074074 0.102703
0 0.424074 0.602703 0.085185 0.102703
0 0.240741 0.554054 0.088889 0.102703
0 0.116667 0.656757 0.077778 0.070270
0 0.127778 0.727027 0.062963 0.059459
0 0.133333 0.121622 0.096296 0.156757
0 0.153704 0.424324 0.062963 0.059459
0 0.200000 0.464865 0.074074 0.075676
0 0.548148 0.848649 0.074074 0.097297
0 0.594444 0.900000 0.070370 0.081081
0 0.651852 0.816216 0.066667 0.086486
0 0.490741 0.645946 0.070370 0.091892
0 0.409259 0.710811 0.107407 0.091892
0 0.203704 0.318919 0.096296 0.118919
