0 0.062963 0.054054 0.074074 0.086486
0 0.244444 0.078378 0.074074 0.102703
0 0.387037 0.072973 0.062963 0.081081
0 0.464815 0.072973 0.062963 0.091892
0 0.533333 0.094595 0.059259 0.091892
0 0.359259 0.243243 0.074074 0.108108
0 0.329630 0.329730 0.066667 0.086486
0 0.414815 0.416216 0.088889 0.118919
0 0.157407 0.370270 0.085185 0.113514
0 0.127778 0.429730 0.092593 0.102703
0 0.479630 0.610811 0.092593 0.097297
0 0.611111 0.613514 0.074074 0.081081
0 0.768519 0.624324 0.070370 0.081081
0 0.718519 0.297297 0.088889 0.108108
0 0.650000 0.183784 0.070370 0.086486
0 0.600000 0.081081 0.066667 0.108108
0 0.327778 0.678378 0.070370 0.091892
0 0.857407 0.878378 0.077778 0.081081
0 0.966667 0.602703 0.066667 0.124324
0 0.950000 0.794595 0.100000 0.108108
0 0.777778 0.754054 0.059259 0.081081
0 0.603704 0.456757 0.051852 0.070270
0 0.609259 0.335135 0.055556 0.075676
0 0.564815 0.281081 0.062963 0.064865
0 0.575926 0.210811 0.062963 0.075676
0 0.527778 0.156757 0.055556 0.075676
0 0.466667 0.245946 0.066667 0.081081
0 0.303704 0.424324 0.059259 0.070270
