0 0.175926 0.183784 0.077778 0.075676
0 0.468519 0.275676 0.070370 0.086486
0 0.820370 0.435135 0.062963 0.081081
0 0.818519 0.581081 0.051852 0.081081
0 0.846296 0.675676 0.055556 0.086486
0 0.933333 0.575676 0.059259 0.091892
0 0.907407 0.375676 0.059259 0.081081
0 0.870370 0.281081 0.066667 0.075676
0 0.896296 0.205405 0.051852 0.064865
0 0.909259 0.127027 0.062963 0.091892
0 0.472222 0.527027 0.062963 0.081081
0 0.479630 0.375676 0.070370 0.091892
0 0.335185 0.451351 0.062963 0.070270
0 0.220370 0.427027 0.062963 0.075676
0 0.131481 0.397297 0.062963 0.081081
0 0.061111 0.586486 0.062963 0.081081
0 0.153704 0.567568 0.062963 0.075676
0 0.579630 0.705405 0.048148 0.070270
0 0.648148 0.737838 0.051852 0.070270
0 0.524074 0.756757 0.055556 0.064865
0 0.859259 0.791892 0.051852 0.070270
0 0.603704 0.272973 0.074074 0.091892
0 0.611111 0.116216 0.066667 0.081081
0 0.507407 0.145946 0.074074 0.086486
0 0.311111 0.237838 0.074074 0.075676
0 0.285185 0.197297 0.059259 0.081081
0 0.277778 0.343243 0.066667 0.081081
0 0.248148 0.683784 0.059259 0.091892
