0 0.135185 0.075676 0.114815 0.140541
0 0.485185 0.505405 0.200000 0.297297
0 0.683333 0.478378 0.203704 0.318919
0 0.753704 0.772973 0.196296 0.281081
0 0.375926 0.343243 0.085185 0.113514
0 0.025926 0.386486 0.044444 0.081081
0 0.277778 0.664865 0.051852 0.075676
0 0.553704 0.913514 0.062963 0.097297
0 0.500000 0.886486 0.051852 0.086486
0 0.168519 0.851351 0.062963 0.081081
0 0.866667 0.959459 0.081481 0.081081
0 0.550000 0.124324 0.048148 0.064865
0 0.775926 0.275676 0.062963 0.075676
0 0.414815 0.154054 0.059259 0.091892
