0 0.201852 0.218919 0.092593 0.124324
0 0.392593 0.116216 0.088889 0.124324
0 0.475926 0.129730 0.085185 0.129730
0 0.262963 0.348649 0.088889 0.113514
0 0.394444 0.408108 0.085185 0.113514
0 0.409259 0.494595 0.070370 0.102703
0 0.481481 0.489189 0.066667 0.091892
0 0.524074 0.445946 0.077778 0.091892
0 0.562963 0.386486 0.074074 0.091892
0 0.609259 0.470270 0.070370 0.086486
0 0.694444 0.435135 0.062963 0.081081
0 0.762963 0.462162 0.066667 0.081081
0 0.864815 0.527027 0.077778 0.081081
0 0.962963 0.413514 0.074074 0.102703
0 0.922222 0.335135 0.074074 0.075676
0 0.979630 0.881081 0.040741 0.118919
0 0.857407 0.872973 0.092593 0.091892
0 0.692593 0.767568 0.059259 0.097297
0 0.735185 0.732432 0.062963 0.102703
0 0.688889 0.624324 0.066667 0.081081
0 0.544444 0.751351 0.066667 0.086486
0 0.618519 0.872973 0.051852 0.059459
0 0.775926 0.872973 0.070370 0.048649
