0 0.240741 0.294595 0.059259 0.081081
0 0.200000 0.378378 0.066667 0.086486
0 0.172222 0.472973 0.055556 0.081081
0 0.229630 0.513514 0.066667 0.064865
0 0.103704 0.564865 0.059259 0.091892
0 0.159259 0.635135 0.074074 0.081081
0 0.124074 0.672973 0.070370 0.070270
0 0.472222 0.521622 0.055556 0.070270
0 0.442593 0.443243 0.062963 0.086486
0 0.568519 0.389189 0.070370 0.086486
0 0.709259 0.381081 0.048148 0.070270
0 0.694444 0.413514 0.070370 0.081081
0 0.616667 0.454054 0.048148 0.075676
0 0.542593 0.521622 0.062963 0.081081
0 0.505556 0.167568 0.055556 0.075676
0 0.538889 0.189189 0.048148 0.075676
0 0.562963 0.116216 0.051852 0.059459
0 0.657407 0.200000 0.055556 0.086486
0 0.712963 0.189189 0.062963 0.086486
0 0.794444 0.213514 0.055556 0.070270
0 0.842593 0.094595 0.055556 0.070270
0 0.850000 0.210811 0.033333 0.054054
0 0.125926 0.121622 0.051852 0.070270
0 0.090741 0.037838 0.062963 0.054054
0 0.379630 0.691892 0.062963 0.086486
0 0.372222 0.605405 0.048148 0.064865
0 0.424074 0.556757 0.055556 0.075676
0 0.490741 0.624324 0.062963 0.081081
0 0.477778 0.810811 0.044444 0.054054
0 0.362963 0.870270 0.051852 0.075676
0 0.146296 0.810811 0.062963 0.075676
0 0.092593 0.740541 0.051852 0.064865
