0 0.151852 0.216216 0.103704 0.140541
0 0.222222 0.345946 0.096296 0.097297
0 0.362963 0.410811 0.081481 0.097297
0 0.375926 0.494595 0.070370 0.102703
0 0.461111 0.491892 0.055556 0.086486
0 0.503704 0.456757 0.074074 0.091892
0 0.540741 0.386486 0.074074 0.091892
0 0.588889 0.459459 0.066667 0.097297
0 0.675926 0.443243 0.055556 0.086486
0 0.355556 0.121622 0.088889 0.113514
0 0.522222 0.759459 0.066667 0.091892
0 0.677778 0.770270 0.066667 0.091892
0 0.857407 0.854054 0.062963 0.097297
0 0.964815 0.413514 0.070370 0.091892
