0 0.259259 0.300000 0.088889 0.113514
0 0.485185 0.110811 0.096296 0.124324
0 0.529630 0.272973 0.081481 0.124324
0 0.607407 0.359459 0.081481 0.091892
0 0.687037 0.029730 0.107407 0.048649
0 0.944444 0.040541 0.074074 0.070270
0 0.901852 0.440541 0.100000 0.102703
0 0.940741 0.591892 0.118519 0.135135
0 0.901852 0.775676 0.085185 0.124324
0 0.970370 0.837838 0.059259 0.140541
0 0.468519 0.491892 0.085185 0.118919
0 0.390741 0.516216 0.092593 0.124324
0 0.211111 0.164865 0.074074 0.113514
0 0.429630 0.654054 0.096296 0.129730
0 0.479630 0.748649 0.077778 0.113514
