0 0.177778 0.289189 0.111111 0.124324
0 0.187037 0.418919 0.107407 0.102703
0 0.472222 0.491892 0.100000 0.097297
0 0.612963 0.432432 0.107407 0.097297
0 0.766667 0.056757 0.081481 0.091892
0 0.929630 0.194595 0.088889 0.097297
0 0.631481 0.605405 0.100000 0.118919
0 0.529630 0.591892 0.088889 0.081081
0 0.440741 0.656757 0.081481 0.102703
0 0.446296 0.737838 0.100000 0.113514
0 0.350000 0.751351 0.077778 0.086486
0 0.261111 0.591892 0.100000 0.102703
0 0.357407 0.524324 0.092593 0.097297
0 0.246296 0.818919 0.062963 0.081081
