0 0.200000 0.208108 0.074074 0.091892
0 0.596296 0.408108 0.066667 0.070270
0 0.603704 0.324324 0.059259 0.097297
0 0.709259 0.256757 0.062963 0.070270
0 0.733333 0.359459 0.059259 0.059459
0 0.833333 0.267568 0.059259 0.059459
0 0.942593 0.481081 0.055556 0.064865
0 0.946296 0.540541 0.048148 0.064865
0 0.940741 0.643243 0.044444 0.064865
0 0.957407 0.694595 0.085185 0.091892
0 0.627778 0.662162 0.055556 0.070270
0 0.627778 0.743243 0.048148 0.070270
0 0.627778 0.832432 0.040741 0.075676
0 0.516667 0.043243 0.062963 0.075676
