0 0.481481 0.294595 0.074074 0.113514
0 0.574074 0.259459 0.066667 0.097297
0 0.640741 0.302703 0.051852 0.097297
0 0.701852 0.337838 0.070370 0.081081
0 0.807407 0.362162 0.088889 0.129730
0 0.775926 0.462162 0.077778 0.113514
0 0.853704 0.483784 0.077778 0.102703
0 0.770370 0.559459 0.059259 0.070270
0 0.759259 0.708108 0.059259 0.064865
0 0.701852 0.891892 0.062963 0.086486
0 0.650000 0.921622 0.062963 0.081081
0 0.411111 0.724324 0.074074 0.086486
0 0.294444 0.805405 0.077778 0.108108
0 0.362963 0.772973 0.066667 0.108108
0 0.351852 0.445946 0.059259 0.091892
0 0.309259 0.286486 0.085185 0.108108
0 0.388889 0.183784 0.111111 0.086486
0 0.151852 0.491892 0.066667 0.097297
