0 0.379630 0.224324 0.092593 0.124324
0 0.105556 0.178378 0.062963 0.086486
0 0.333333 0.067568 0.103704 0.124324
0 0.561111 0.305405 0.092593 0.113514
0 0.655556 0.391892 0.088889 0.124324
0 0.403704 0.337838 0.066667 0.091892
0 0.100000 0.440541 0.066667 0.091892
0 0.231481 0.678378 0.077778 0.102703
0 0.325926 0.756757 0.066667 0.097297
0 0.294444 0.848649 0.070370 0.086486
0 0.216667 0.810811 0.055556 0.064865
0 0.216667 0.864865 0.062963 0.064865
0 0.131481 0.702703 0.048148 0.054054
0 0.348148 0.497297 0.051852 0.075676
0 0.622222 0.810811 0.074074 0.108108
0 0.562963 0.602703 0.066667 0.091892
0 0.901852 0.521622 0.077778 0.124324
0 0.961111 0.151351 0.077778 0.151351
0 0.762963 0.343243 0.088889 0.113514
0 0.031481 0.772973 0.048148 0.054054
0 0.029630 0.075676 0.051852 0.097297
0 0.492593 0.451351 0.066667 0.091892
