0 0.200000 0.586486 0.044444 0.070270
0 0.572222 0.800000 0.055556 0.064865
0 0.627778 0.802703 0.048148 0.070270
0 0.864815 0.481081 0.070370 0.075676
0 0.764815 0.332432 0.040741 0.059459
0 0.803704 0.348649 0.059259 0.070270
0 0.633333 0.194595 0.051852 0.064865
0 0.490741 0.191892 0.033333 0.048649
0 0.514815 0.229730 0.044444 0.048649
0 0.303704 0.672973 0.066667 0.091892
0 0.222222 0.724324 0.066667 0.075676
0 0.200000 0.808108 0.081481 0.102703
0 0.027778 0.559459 0.048148 0.135135
0 0.125926 0.367568 0.051852 0.086486
0 0.079630 0.424324 0.055556 0.059459
0 0.131481 0.440541 0.048148 0.081081
0 0.135185 0.537838 0.048148 0.081081
