0 0.220370 0.210811 0.077778 0.097297
0 0.655556 0.291892 0.059259 0.064865
0 0.657407 0.405405 0.062963 0.075676
0 0.616667 0.451351 0.062963 0.070270
0 0.662963 0.500000 0.066667 0.070270
0 0.655556 0.618919 0.059259 0.081081
0 0.685185 0.667568 0.059259 0.091892
0 0.687037 0.740541 0.055556 0.075676
0 0.685185 0.818919 0.066667 0.081081
0 0.759259 0.264865 0.051852 0.064865
0 0.788889 0.248649 0.051852 0.054054
0 0.848148 0.245946 0.059259 0.070270
0 0.916667 0.262162 0.062963 0.070270
0 0.920370 0.337838 0.055556 0.059459
0 0.964815 0.405405 0.048148 0.064865
0 0.942593 0.472973 0.055556 0.081081
0 0.962963 0.556757 0.051852 0.075676
