0 0.209259 0.156757 0.077778 0.097297
0 0.137037 0.167568 0.074074 0.097297
0 0.174074 0.275676 0.074074 0.097297
0 0.216667 0.335135 0.070370 0.108108
0 0.205556 0.464865 0.100000 0.118919
0 0.307407 0.521622 0.088889 0.113514
0 0.268519 0.708108 0.085185 0.118919
0 0.370370 0.764865 0.074074 0.102703
0 0.651852 0.564865 0.081481 0.102703
0 0.738889 0.491892 0.092593 0.108108
0 0.679630 0.418919 0.100000 0.102703
0 0.570370 0.397297 0.088889 0.113514
0 0.485185 0.497297 0.066667 0.097297
0 0.437037 0.900000 0.081481 0.113514
0 0.264815 0.943243 0.062963 0.081081
0 0.072222 0.929730 0.092593 0.086486
0 0.040741 0.705405 0.074074 0.102703
0 0.711111 0.886486 0.103704 0.118919
0 0.940741 0.721622 0.081481 0.081081
0 0.968519 0.862162 0.062963 0.113514
0 0.874074 0.970270 0.081481 0.059459
0 0.957407 0.429730 0.085185 0.113514
