0 0.451852 0.205405 0.103704 0.075676
0 0.564815 0.137838 0.100000 0.070270
0 0.544444 0.245946 0.118519 0.091892
0 0.555556 0.313514 0.125926 0.075676
0 0.531481 0.391892 0.100000 0.091892
0 0.650000 0.348649 0.092593 0.048649
0 0.529630 0.481081 0.118519 0.086486
0 0.488889 0.529730 0.096296 0.086486
0 0.637037 0.616216 0.125926 0.086486
0 0.709259 0.613514 0.077778 0.091892
0 0.677778 0.694595 0.118519 0.091892
0 0.590741 0.772973 0.092593 0.086486
0 0.474074 0.783784 0.125926 0.097297
0 0.451852 0.635135 0.081481 0.081081
0 0.640741 0.862162 0.103704 0.081081
0 0.483333 0.867568 0.137037 0.091892
