0 0.248148 0.310811 0.051852 0.059459
0 0.514815 0.472973 0.044444 0.048649
0 0.520370 0.364865 0.048148 0.070270
0 0.551852 0.302703 0.051852 0.054054
0 0.611111 0.232432 0.044444 0.054054
0 0.446296 0.643243 0.055556 0.064865
0 0.327778 0.772973 0.048148 0.064865
0 0.342593 0.818919 0.055556 0.059459
0 0.129630 0.432432 0.066667 0.064865
0 0.083333 0.140541 0.055556 0.054054
0 0.174074 0.054054 0.059259 0.064865
0 0.209259 0.078378 0.055556 0.059459
0 0.500000 0.727027 0.074074 0.070270
0 0.553704 0.545946 0.055556 0.075676
0 0.616667 0.572973 0.055556 0.064865
0 0.361111 0.370270 0.048148 0.059459
0 0.368519 0.305405 0.055556 0.059459
0 0.062963 0.521622 0.066667 0.059459
