0 0.320370 0.429730 0.107407 0.124324
0 0.735185 0.181081 0.122222 0.135135
0 0.896296 0.100000 0.118519 0.102703
0 0.953704 0.183784 0.092593 0.151351
0 0.964815 0.405405 0.070370 0.118919
0 0.720370 0.586486 0.122222 0.135135
0 0.566667 0.686486 0.088889 0.108108
0 0.718519 0.775676 0.066667 0.091892
0 0.805556 0.764865 0.092593 0.113514
0 0.650000 0.683784 0.085185 0.102703
0 0.385185 0.654054 0.081481 0.086486
0 0.455556 0.572973 0.074074 0.086486
0 0.250000 0.535135 0.085185 0.097297
0 0.166667 0.589189 0.096296 0.097297
0 0.161111 0.783784 0.085185 0.097297
0 0.705556 0.910811 0.070370 0.081081
0 0.483333 0.437838 0.085185 0.086486
0 0.201852 0.300000 0.055556 0.081081
0 0.062963 0.040541 0.118519 0.070270
